   1  253.30   0.89  08 19 46.2  -34 42 05   179   5.8     -8     12  
    2  253.52   0.83  08 20 08.4  -34 55 20    21   6.4    -50     26  
    3  253.68  -0.60  08 14 47.2  -35 51 08    72   3.5   -349     27  
    4  254.16  -0.34  08 17 10.3  -36 06 01    64   5.5   -338     19  
    5  254.60  -0.87  08 16 12.7  -36 46 05    62   4.3    -15     24  
    6  254.81   0.93  08 24 08.9  -35 55 21    87  13.7     84     13  
    7  254.95   0.63  08 23 20.7  -36 11 56    41   4.9      8     32  
    8  255.16   0.24  08 22 21.9  -36 36 03    92   5.3    -35     16  
    9  255.27   0.16  08 22 20.2  -36 43 53    84   3.4     26     23  
   10  255.36  -0.26  08 20 52.1  -37 02 48   136   9.0     97     10  
   11  255.36   0.50  08 23 59.5  -36 37 00    94   8.0   -115     13  
   12  256.14   0.25  08 25 11.9  -37 24 00    92   5.3     44     17  
   13  256.64  -0.22  08 24 43.7  -38 04 40   104   4.7    172     15  
   14  257.47   0.54  08 30 20.4  -38 18 27    46   9.5     23     20  
   15  257.71  -0.66  08 26 02.2  -39 12 13   117   4.0    144     20  
   16  257.92   0.65  08 32 07.7  -38 36 33   383   2.3     76     14  
   17  258.52   1.02  08 35 30.1  -38 52 23   118   2.7    196     26  
   18  258.77   0.08  08 32 23.4  -39 37 38   131   3.4    221     16  
   19  259.05  -0.72  08 29 49.9  -40 19 35   123   5.7    175     12  
   20  259.05  -0.75  08 29 45.1  -40 20 52   103  10.0    150     12  
   21  259.77   1.22  08 40 15.2  -39 44 39    33   5.8    250     29  
   22  260.41  -0.43  08 35 21.8  -41 14 50   101   3.0    221     18  
   23  260.52  -0.55  08 35 11.4  -41 24 44    25   5.8    247     31  
   24  260.69  -0.23  08 37 05.4  -41 21 08   224   3.2    204     12  
   25  263.20   1.07  08 50 56.2  -42 30 54   165   5.6    739     14  
   26  263.22   1.08  08 51 02.6  -42 31 32   164   4.4    826     19  
   27  263.50   0.17  08 48 12.7  -43 19 14   139   0.9    260     28  
   28  264.24   0.88  08 53 48.3  -43 25 59   112  11.0    406      9  
   29  265.69   0.85  08 58 54.5  -44 33 41   106   1.8     70     28  
   30  266.14   1.08  09 01 33.6  -44 44 49    66   3.2    211     29  
   31  266.27   0.66  09 00 15.2  -45 07 17    95   3.4    396     18  
   32  267.03   0.04  09 00 27.1  -46 06 15    58   3.8    298     21  
   33  267.17   0.47  09 02 50.7  -45 55 36   598   0.3    323     28  
   34  268.62   0.58  09 08 56.5  -46 55 53   231   2.1    256     15  
   35  269.05   0.17  09 08 54.5  -47 31 15   118   3.6    456     16  
   36  269.55   0.45  09 12 09.7  -47 41 35   156   1.9    137     18  
   37  270.56  -0.85  09 10 32.9  -49 19 14    58   5.5   -152     23  
   38  270.91   0.93  09 19 52.0  -48 20 10    57   6.2   -149     22  
   39  271.22  -0.35  09 15 37.0  -49 27 04    66   2.5    215     29  
   40  271.30  -0.06  09 17 12.3  -49 18 17    83   5.0    136     16  
   41  271.52  -1.01  09 13 54.3  -50 07 34   120   1.7     75     28  
   42  271.70  -0.38  09 17 30.7  -49 49 16   116   3.5    -93     18  
   43  272.36   0.62  09 24 45.8  -49 34 44    21   5.6   -296     28  
   44  273.46   0.68  09 29 58.1  -50 17 41    18  13.6   -106     19  
   45  273.57   1.28  09 33 00.8  -49 55 47   229   1.9     20     25  
   46  274.77   0.25  09 34 14.3  -51 30 18    51   3.9    -76     22  
   47  275.02   0.82  09 37 51.7  -51 15 07    26   8.4   -101     25  
   48  275.48  -0.68  09 33 32.0  -52 40 18   282   2.8    248     13  
   49  275.56   1.02  09 41 17.5  -51 27 26   281   6.3     16      7  
   50  275.56  -0.20  09 36 03.4  -52 22 03    46   2.9    112     30  
   51  275.83   0.16  09 38 55.3  -52 16 41   170   9.3   -107      7  
   52  275.86   0.94  09 42 25.0  -51 42 48    29  11.0      0     21  
   53  276.46   0.89  09 45 09.7  -52 08 29   153   2.5    -17     20  
   54  277.44   0.86  09 49 58.5  -52 47 04    10  12.1    -71     28  
   55  277.78  -0.73  09 44 52.1  -54 13 45   127   2.0    -36     23  
   56  277.78  -0.81  09 44 32.3  -54 17 32   690   7.3    -77      3  
   57  278.04   0.75  09 52 37.5  -53 15 08   635   7.8   -104      3  
   58  278.37   0.15  09 51 47.9  -53 55 46    18  13.7     -4     24  
   59  278.43   0.53  09 53 42.8  -53 40 12    42   4.4     20     27  
   60  278.47  -0.30  09 50 22.2  -54 20 21    22   6.6   -116     24  
   61  279.04  -0.88  09 50 55.5  -55 09 04   242   2.4    239     17  
   62  279.09   0.89  09 58 46.2  -53 47 21    47   5.0   -120     25  
   63  279.15  -0.63  09 52 36.5  -55 01 08    36  11.2    341     24  
   64  279.15  -0.65  09 52 32.6  -55 02 37    44   6.2    329     20  
   65  279.33   0.80  09 59 41.3  -54 00 11    35   7.8   -157     18  
   66  279.80   1.21  10 03 53.7  -53 57 24    25   9.7   -145     25  
   67  280.53   0.81  10 06 18.9  -54 42 57    37   5.4    -10     23  
   68  280.62  -0.14  10 02 53.8  -55 32 09   134   3.7   -112     15  
   69  282.07  -0.78  10 08 36.2  -56 54 09   723   0.9    862     16  
   70  282.46   0.24  10 15 09.3  -56 17 28   109   2.0    256     23  
   71  284.30   0.81  10 28 39.3  -56 48 09    80   2.4   -547     25  
   72  285.15   0.96  10 34 33.2  -57 06 17   268   0.9    168     31  
   73  285.60   0.62  10 36 12.7  -57 37 38    44   3.3    368     35  
   74  286.04  -1.05  10 32 43.2  -59 17 54  2826   0.4    809     14  
   75  286.89   0.59  10 44 37.5  -58 16 43    58   3.0    324     28  
   76  288.27  -0.70  10 49 34.1  -60 03 21   255   0.6    491     25  
   77  290.81   0.74  11 12 45.4  -59 47 27  1858   0.4    419     23  
   78  292.90  -0.02  11 26 31.6  -61 13 37    52   6.6    349     28  
   79  293.39   0.73  11 32 19.4  -60 40 22    67   5.0    121     20  
   80  293.73   0.63  11 34 43.2  -60 52 06    30   3.4    116     23  
   81  294.29  -0.90  11 35 31.6  -62 29 13    32   4.2    449     26  
   82  294.38  -0.75  11 36 37.4  -62 22 07   265   0.7    470     24  
   83  295.17   0.01  11 44 55.1  -61 51 26    57   3.5    363     22  
   84  295.23  -1.05  11 43 02.3  -62 53 56   114   2.1   -207     22  
   85  295.29  -1.23  11 43 05.7  -63 04 55   226   1.6    -43     29  
   86  296.18  -0.59  11 52 05.2  -62 40 59   118   3.7    752     14  
   87  296.90   0.14  11 59 31.2  -62 07 15   452   1.6   1113     11  
   88  297.67   0.77  12 06 52.0  -61 38 54   283   2.6    570     11  
   89  299.42  -0.23  12 20 29.8  -62 53 37    55   4.0    535     30  
   90  299.51  -1.10  12 20 24.8  -63 46 10   192   2.9    315     21  
   91  300.25  -0.01  12 27 57.6  -62 45 42   109   4.1    123     14  
   92  300.47  -0.99  12 29 06.5  -63 45 08   112   4.9    412     18  
   93  300.65  -0.41  12 31 12.4  -63 11 40   809   0.9    358     19  
   94  301.14  -0.09  12 35 39.6  -62 54 30   375   1.3    350     18  
   95  301.70   0.25  12 40 45.4  -62 36 01    21   5.2    296     33  
   96  302.60  -1.17  12 48 26.2  -64 02 26   162   1.7    159     25  
   97  303.30   0.51  12 54 36.3  -62 21 25   149   3.5   -370     14  
   98  304.53   1.00  13 05 00.1  -61 49 31    32   6.1     40     28  
   99  305.62  -1.16  13 15 52.5  -63 54 09    44  10.5    -61     28  
  100  306.87   0.02  13 25 47.5  -62 35 15   215   1.0   -197     27  
  101  306.92  -0.70  13 27 00.7  -63 17 46   275   2.0     52     16  
  102  307.20  -0.84  13 29 39.3  -63 23 47    41   8.1    382     18  
  103  308.64  -0.62  13 41 56.1  -62 55 38    40   2.8   -133     27  
  104  308.73   0.07  13 41 33.5  -62 14 06    92   1.4   -661     29  
  105  308.93   0.40  13 42 41.5  -61 52 38   152   2.5   -752     17  
  106  309.06   0.84  13 43 00.9  -61 24 52   670   2.3   -504     10  
  107  310.20  -1.04  13 56 09.7  -62 59 30    46   8.5   -584     19  
  108  312.37  -0.04  14 11 37.1  -61 25 54   129   2.3   -438     28  
  109  313.96  -0.76  14 26 14.9  -61 34 58    88   2.3   -480     22  
  110  313.99   0.94  14 21 36.9  -59 59 01   507   1.8   -828     17  
  111  314.02   1.01  14 21 40.3  -59 54 20   757   1.7   -579     20  
  112  314.50   0.30  14 27 14.8  -60 24 07    86   5.3   -738     19  
  113  314.82   0.89  14 27 57.3  -59 43 58    92   3.7   -507     25  
  114  316.64   1.15  14 40 15.0  -58 47 30    64   4.6   -525     27  
  115  317.54  -0.57  14 52 27.0  -59 58 11   152   2.1    395     27  
  116  318.53   0.30  14 56 18.1  -58 44 29   326   1.0     53     29  
  117  319.34   1.08  14 58 58.6  -57 40 31  1101   0.7    241     21  
  118  319.39   0.74  15 00 28.7  -57 57 04    85   1.4    279     30  
  119  320.83   0.88  15 09 19.7  -57 07 19   454   0.8     -8     20  
  120  321.48   1.02  15 12 54.7  -56 40 20   933   2.0   -243      8  
  121  321.58  -0.76  15 20 29.3  -58 07 41  1831   1.1   -138      9  
  122  322.05  -0.95  15 24 17.5  -58 01 49    78   5.4   -397     17  
  123  323.15  -0.52  15 29 19.5  -57 03 49    47   2.9     83     25  
  124  324.77   0.61  15 34 10.5  -55 12 30   161   3.9    -66     14  
  125  325.81   1.08  15 38 05.1  -54 13 08   608   0.6    -15     31 d
  126  325.83  -0.30  15 43 57.7  -55 18 26   247   1.8    356     18  
  127  326.69  -1.16  15 52 28.2  -55 27 04    95   9.3   -142     22  
  128  327.31   0.88  15 47 01.4  -53 28 29   256   1.2   -189     26 d
  129  328.36  -0.41  15 58 00.3  -53 48 30   493   0.3   -721     35  
  130  329.48   0.22  16 00 57.1  -52 36 04   599   0.7   -100     25  
  131  330.12  -1.08  16 09 49.5  -53 08 33   218   3.0   -931     25  
  132  332.14   1.03  16 10 10.8  -50 13 21   151   2.8   -754     22 d
  133  333.72  -0.27  16 22 55.5  -50 03 31   108   2.5    204     29  
  134  335.32   0.60  16 26 00.4  -48 18 36   352   2.9   -138     11  
  135  337.06   0.85  16 32 01.7  -46 52 39   100   2.5   -739     32  
  136  339.65  -0.24  16 46 44.6  -45 40 00   222   2.2   -398     19  
  137  342.16  -0.74  16 57 52.7  -44 02 49   264   2.2    127     15  
  138  342.62  -0.45  16 58 15.4  -43 30 19    50   3.9   -913     30  
  139  343.29   0.60  16 56 01.8  -42 19 58   102   4.7  -1035     16  
  140  345.22   0.68  17 02 02.9  -40 45 50    39  12.6    183     21  
  141  347.40  -1.04  17 16 09.8  -40 02 24    72   4.0   -524     36  
  142  349.65  -0.36  17 19 58.3  -37 48 15   133   3.3    110     20  
  143  350.52  -0.73  17 23 58.9  -37 18 18   127   2.2    277     32  
  144  351.31  -0.53  17 25 22.9  -36 32 16   200   3.3   -247     15  
  145  351.82   0.17  17 23 56.8  -35 43 34   118   6.1    134     16  
  146  352.13   1.15  17 20 51.7  -34 54 49   116   6.5     76     30  
  147  355.43  -0.81  17 37 32.3  -33 14 40    76   4.2    601     21  
  148  356.57   0.87  17 33 45.9  -31 22 37   116   1.6    985     30  
